1148.60 4.20523E-10
1149.80 1.06840E-09
1151.00 6.88588E-10
1152.20 1.51957E-10
1153.40 2.08652E-10
1156.90 3.09161E-10
1158.10 3.61192E-10
1159.30 1.94075E-10
1160.40 1.05638E-10
1161.60 2.03754E-10
1162.80 2.39778E-10
1164.00 1.17388E-10
1165.20 4.00184E-11
1169.90 3.84369E-11
1171.10 6.12862E-11
1172.20 1.50358E-11
1173.40 6.28008E-11
1174.60 1.04048E-10
1175.80 5.16550E-11
1185.20 1.89957E-11
1198.20 1.11753E-11
1199.40 2.16358E-11
1201.70 1.89674E-11
1202.90 2.84035E-11
1204.10 5.27188E-11
1205.30 1.92700E-11
1206.50 1.98790E-12
1207.60 1.06576E-10
1208.80 1.95047E-10
1210.00 2.24880E-10
1211.20 2.26183E-10
1212.40 2.77328E-10
1213.50 3.41912E-10
1214.70 3.12753E-10
1215.90 3.13425E-10
1217.10 3.03533E-10
1218.30 1.70781E-10
1219.40 1.19868E-10
1220.60 1.28467E-10
1221.80 1.04853E-10
1223.00 4.89581E-11
1224.20 5.44810E-11
1225.30 1.16308E-10
1226.50 7.99389E-11
1227.70 4.83021E-12
1228.90 2.39894E-11
1230.00 2.66072E-11
1231.20 3.49488E-11
1232.40 6.01976E-11
1233.60 4.98597E-11
1234.80 5.23025E-11
1235.90 3.33710E-11
1237.10 2.93316E-11
1238.30 7.80948E-11
1239.50 1.05943E-10
1240.70 7.78563E-11
1241.80 1.21933E-10
1243.00 1.49940E-10
1244.20 7.58411E-11
1245.40 5.19655E-11
1246.60 6.98044E-11
1247.70 8.57486E-11
1248.90 1.05700E-10
1250.10 1.62742E-10
1251.30 1.95099E-10
1252.50 2.11081E-10
1253.60 2.36571E-10
1254.80 2.55959E-10
1256.00 2.85642E-10
1257.20 2.86197E-10
1258.40 2.92377E-10
1259.50 2.81059E-10
1260.70 3.18414E-10
1261.90 5.13199E-10
1263.10 5.50668E-10
1264.30 5.12317E-10
1265.40 6.05654E-10
1266.60 7.04819E-10
1267.80 9.64360E-10
1269.00 1.14505E-09
1270.20 1.12849E-09
1271.30 1.17996E-09
1272.50 1.13227E-09
1273.70 1.02433E-09
1274.90 9.85397E-10
1276.10 1.06503E-09
1277.20 1.24962E-09
1278.40 1.44491E-09
1279.60 1.68397E-09
1280.80 1.95614E-09
1282.00 2.14484E-09
1283.10 2.25589E-09
1284.30 2.18922E-09
1285.50 2.02055E-09
1286.70 1.97253E-09
1287.90 1.97230E-09
1289.00 2.16487E-09
1290.20 2.37831E-09
1291.40 2.55415E-09
1292.60 2.73720E-09
1293.80 2.82212E-09
1294.90 2.87979E-09
1296.10 2.86165E-09
1297.30 2.78982E-09
1298.50 2.64652E-09
1299.70 2.44915E-09
1300.80 2.05805E-09
1302.00 1.84415E-09
1303.20 1.85597E-09
1304.40 1.89247E-09
1305.60 1.88775E-09
1306.70 1.96277E-09
1307.90 2.01748E-09
1309.10 2.01701E-09
1310.30 2.23143E-09
1311.50 2.60012E-09
1312.60 3.03600E-09
1313.80 3.45454E-09
1315.00 3.75291E-09
1316.20 3.85387E-09
1317.30 3.92080E-09
1318.50 4.05444E-09
1319.70 4.15852E-09
1320.90 4.15576E-09
1322.10 4.05669E-09
1323.20 4.05541E-09
1324.40 3.89663E-09
1325.60 3.89474E-09
1326.80 3.92120E-09
1328.00 3.91845E-09
1329.10 3.84834E-09
1330.30 3.95721E-09
1331.50 3.64968E-09
1332.70 3.32079E-09
1333.90 3.19381E-09
1335.00 3.48079E-09
1336.20 3.87976E-09
1337.40 4.56309E-09
1338.60 4.95613E-09
1339.80 5.13248E-09
1340.90 5.19328E-09
1342.10 5.17558E-09
1343.30 5.33569E-09
1344.50 5.16179E-09
1345.70 5.17613E-09
1346.80 5.12012E-09
1348.00 5.07507E-09
1349.20 4.96519E-09
1350.40 4.72322E-09
1351.60 4.54423E-09
1352.70 4.32200E-09
1353.90 4.29499E-09
1355.10 4.18157E-09
1356.30 4.24163E-09
1357.50 4.36734E-09
1358.60 4.69584E-09
1359.80 4.74744E-09
1361.00 4.62723E-09
1362.20 4.74255E-09
1363.40 4.68674E-09
1364.50 4.62255E-09
1365.70 4.72753E-09
1366.90 4.74182E-09
1368.10 4.67781E-09
1369.30 4.75199E-09
1370.40 4.86654E-09
1371.60 4.89259E-09
1372.80 5.02756E-09
1374.00 5.23952E-09
1375.20 5.31352E-09
1376.30 5.19949E-09
1377.50 5.11602E-09
1378.70 5.20820E-09
1379.90 4.99906E-09
1381.10 4.93629E-09
1382.20 5.27523E-09
1383.40 5.27790E-09
1384.60 5.13380E-09
1385.80 5.10416E-09
1387.00 5.13677E-09
1388.10 5.28513E-09
1389.30 5.26160E-09
1390.50 5.27300E-09
1391.70 5.19720E-09
1392.90 5.10337E-09
1394.00 5.03520E-09
1395.20 5.04556E-09
1396.40 4.95839E-09
1397.60 4.84871E-09
1398.80 4.98783E-09
1399.90 5.26295E-09
1401.10 5.31448E-09
1402.30 5.32252E-09
1403.50 5.35141E-09
1404.70 5.48563E-09
1405.80 5.78182E-09
1407.00 5.75232E-09
1408.20 5.52327E-09
1409.40 5.42067E-09
1410.50 5.44787E-09
1411.70 5.54957E-09
1412.90 5.78918E-09
1414.10 5.85582E-09
1415.30 5.77840E-09
1416.40 6.05392E-09
1417.60 6.01597E-09
1418.80 6.00666E-09
1420.00 6.02597E-09
1421.20 5.98699E-09
1422.30 6.01129E-09
1423.50 6.11195E-09
1424.70 6.17545E-09
1425.90 6.18401E-09
1427.10 6.20330E-09
1428.20 5.95683E-09
1429.40 5.68890E-09
1430.60 5.52641E-09
1431.80 5.30501E-09
1433.00 5.44498E-09
1434.10 5.74982E-09
1435.30 5.65722E-09
1436.50 5.88283E-09
1437.70 6.13412E-09
1438.90 5.94097E-09
1440.00 6.13307E-09
1441.20 6.24560E-09
1442.40 6.12547E-09
1443.60 6.17762E-09
1444.80 6.32787E-09
1445.90 6.48027E-09
1447.10 6.65069E-09
1448.30 6.62367E-09
1449.50 6.69544E-09
1450.70 6.68384E-09
1451.80 6.69998E-09
1453.00 6.70269E-09
1454.20 6.67139E-09
1455.40 6.66458E-09
1456.60 6.66055E-09
1457.70 6.65942E-09
1458.90 6.45816E-09
1460.10 6.39865E-09
1461.30 6.59101E-09
1462.50 6.40054E-09
1463.60 6.11719E-09
1464.80 5.98198E-09
1466.00 6.16541E-09
1467.20 6.16396E-09
1468.40 5.97499E-09
1469.50 5.97500E-09
1470.70 5.93596E-09
1471.90 5.73224E-09
1473.10 5.78691E-09
1474.30 5.89556E-09
1475.40 6.11819E-09
1476.60 6.33892E-09
1477.80 6.38699E-09
1479.00 6.16185E-09
1480.20 5.95181E-09
1481.30 6.01185E-09
1482.50 6.00818E-09
1483.70 5.97697E-09
1484.90 6.18565E-09
1486.10 6.52136E-09
1487.20 6.84710E-09
1488.40 6.87228E-09
1489.60 6.60543E-09
1490.80 6.38428E-09
1492.00 6.36707E-09
1493.10 6.41528E-09
1494.30 6.48846E-09
1495.50 6.79104E-09
1496.70 7.22985E-09
1497.80 7.32653E-09
1499.00 7.27109E-09
1500.20 7.25947E-09
1501.40 7.17709E-09
1502.60 7.10652E-09
1503.70 7.02713E-09
1504.90 6.77103E-09
1506.10 6.51542E-09
1507.30 6.20957E-09
1508.50 6.05887E-09
1509.60 5.98544E-09
1510.80 5.95516E-09
1512.00 6.11695E-09
1513.20 6.32383E-09
1514.40 6.43498E-09
1515.50 6.54402E-09
1516.70 6.60241E-09
1517.90 6.75262E-09
1519.10 7.11575E-09
1520.30 7.19856E-09
1521.40 6.87510E-09
1522.60 6.73437E-09
1523.80 6.60966E-09
1525.00 6.37862E-09
1526.20 6.33474E-09
1527.30 6.29414E-09
1528.50 6.18789E-09
1529.70 6.42525E-09
1530.90 6.39229E-09
1532.10 6.12879E-09
1533.20 6.12962E-09
1534.40 6.29066E-09
1535.60 6.65748E-09
1536.80 6.72367E-09
1538.00 6.79913E-09
1539.10 6.92839E-09
1540.30 6.81203E-09
1541.50 6.65388E-09
1542.70 6.66558E-09
1543.90 6.70151E-09
1545.00 6.58509E-09
1546.20 6.56533E-09
1547.40 6.84644E-09
1548.60 6.93699E-09
1549.80 6.80826E-09
1550.90 6.60071E-09
1552.10 6.63028E-09
1553.30 6.65126E-09
1554.50 6.55943E-09
1555.70 6.29101E-09
1556.80 5.99924E-09
1558.00 5.91803E-09
1559.20 5.87937E-09
1560.40 5.88965E-09
1561.60 6.12964E-09
1562.70 6.28463E-09
1563.90 6.34505E-09
1565.10 6.62138E-09
1566.30 6.73835E-09
1567.50 6.68855E-09
1568.60 6.46024E-09
1569.80 6.23742E-09
1571.00 6.33376E-09
1572.20 6.31653E-09
1573.40 6.27186E-09
1574.50 6.39220E-09
1575.70 6.42995E-09
1576.90 6.57657E-09
1578.10 6.75979E-09
1579.30 6.85292E-09
1580.40 6.82899E-09
1581.60 6.86535E-09
1582.80 6.78586E-09
1584.00 6.74938E-09
1585.10 6.80261E-09
1586.30 6.70493E-09
1587.50 6.72309E-09
1588.70 6.69680E-09
1589.90 6.70095E-09
1591.00 6.69539E-09
1592.20 6.49869E-09
1593.40 6.56976E-09
1594.60 6.63727E-09
1595.80 6.66350E-09
1596.90 6.73384E-09
1598.10 6.71500E-09
1599.30 6.58739E-09
1600.50 6.57064E-09
1601.70 6.55995E-09
1602.80 6.37900E-09
1604.00 6.49685E-09
1605.20 6.56128E-09
1606.40 6.62123E-09
1607.60 6.61836E-09
1608.70 6.67512E-09
1609.90 6.69192E-09
1611.10 6.62825E-09
1612.30 6.63754E-09
1613.50 6.73466E-09
1614.60 6.68907E-09
1615.80 6.83545E-09
1617.00 6.79947E-09
1618.20 6.69421E-09
1619.40 6.66985E-09
1620.50 6.79669E-09
1621.70 6.87339E-09
1622.90 6.83259E-09
1624.10 6.73476E-09
1625.30 6.66809E-09
1626.40 6.69459E-09
1627.60 6.67376E-09
1628.80 6.61054E-09
1630.00 6.62000E-09
1631.20 6.62375E-09
1632.30 6.56021E-09
1633.50 6.55055E-09
1634.70 6.71666E-09
1635.90 6.68361E-09
1637.10 6.55415E-09
1638.20 6.76148E-09
1639.40 6.76755E-09
1640.60 6.57404E-09
1641.80 6.60098E-09
1643.00 6.64353E-09
1644.10 6.61465E-09
1645.30 6.74087E-09
1646.50 6.79429E-09
1647.70 6.71613E-09
1648.90 6.65730E-09
1650.00 6.57173E-09
1651.20 6.38294E-09
1652.40 6.14463E-09
1653.60 5.89194E-09
1654.80 5.38328E-09
1655.90 5.04822E-09
1657.10 5.20492E-09
1658.30 5.47745E-09
1659.50 5.86560E-09
1660.70 5.92913E-09
1661.80 5.93556E-09
1663.00 6.03154E-09
1664.20 6.54629E-09
1665.40 6.48348E-09
1666.60 6.25813E-09
1667.70 6.16009E-09
1668.90 6.12343E-09
1670.10 5.98049E-09
1671.30 6.02231E-09
1672.50 6.09651E-09
1673.60 6.01008E-09
1674.80 6.14561E-09
1676.00 6.21960E-09
1677.20 6.39273E-09
1678.30 6.42674E-09
1679.50 6.44811E-09
1680.70 6.37601E-09
1681.90 6.33070E-09
1683.10 6.34105E-09
1684.20 6.25178E-09
1685.40 6.21669E-09
1686.60 6.26154E-09
1687.80 6.19551E-09
1689.00 6.22154E-09
1690.10 6.24346E-09
1691.30 6.16547E-09
1692.50 6.08540E-09
1693.70 6.02424E-09
1694.90 6.05818E-09
1696.00 6.05599E-09
1697.20 5.95534E-09
1698.40 6.03127E-09
1699.60 6.17217E-09
1700.80 6.16095E-09
1701.90 6.09064E-09
1703.10 6.02346E-09
1704.30 6.14883E-09
1705.50 5.94221E-09
1706.70 5.94675E-09
1707.80 5.90878E-09
1709.00 5.86076E-09
1710.20 5.90825E-09
1711.40 5.94040E-09
1712.60 6.04161E-09
1713.70 6.01158E-09
1714.90 5.93981E-09
1716.10 5.86158E-09
1717.30 5.74850E-09
1718.50 5.75582E-09
1719.60 5.74810E-09
1720.80 5.75990E-09
1722.00 5.86675E-09
1723.20 5.80985E-09
1724.40 5.68324E-09
1725.50 5.79582E-09
1726.70 5.89294E-09
1727.90 5.95628E-09
1729.10 5.90960E-09
1730.30 5.88480E-09
1731.40 5.85481E-09
1732.60 5.78665E-09
1733.80 5.77301E-09
1735.00 5.86390E-09
1736.20 5.98311E-09
1737.30 6.06330E-09
1738.50 6.00861E-09
1739.70 5.97034E-09
1740.90 5.99085E-09
1742.10 6.05272E-09
1743.20 6.04631E-09
1744.40 5.97038E-09
1745.60 5.98905E-09
1746.80 6.03713E-09
1748.00 6.05271E-09
1749.10 6.03044E-09
1750.30 5.99954E-09
1751.50 6.07185E-09
1752.70 6.13122E-09
1753.90 6.19830E-09
1755.00 6.26005E-09
1756.20 6.15368E-09
1757.40 6.01702E-09
1758.60 6.08125E-09
1759.80 6.01209E-09
1760.90 5.82794E-09
1762.10 5.75027E-09
1763.30 5.84857E-09
1764.50 5.89594E-09
1765.60 5.89557E-09
1766.80 6.01481E-09
1768.00 6.10592E-09
1769.20 6.16128E-09
1770.40 6.19500E-09
1771.50 6.24174E-09
1772.70 6.23973E-09
1773.90 6.24756E-09
1775.10 6.25327E-09
1776.30 6.27752E-09
1777.40 6.28537E-09
1778.60 6.27162E-09
1779.80 6.26224E-09
1781.00 6.26376E-09
1782.20 6.23045E-09
1783.30 6.19047E-09
1784.50 6.15823E-09
1785.70 6.10853E-09
1786.90 6.05117E-09
1788.10 6.11372E-09
1789.20 6.16088E-09
1790.40 6.22453E-09
1791.60 6.23799E-09
1792.80 6.23178E-09
1794.00 6.21788E-09
1795.10 6.20710E-09
1796.30 6.25644E-09
1797.50 6.34288E-09
1798.70 6.34736E-09
1799.90 6.37362E-09
1801.00 6.40301E-09
1802.20 6.35592E-09
1803.40 6.31094E-09
1804.60 6.14343E-09
1805.80 6.05782E-09
1806.90 5.99832E-09
1808.10 6.01208E-09
1809.30 6.08923E-09
1810.50 6.12368E-09
1811.70 6.13947E-09
1812.80 6.12017E-09
1814.00 6.05052E-09
1815.20 6.00488E-09
1816.40 5.92964E-09
1817.60 5.92110E-09
1818.70 5.96611E-09
1819.90 6.05706E-09
1821.10 6.09652E-09
1822.30 6.07904E-09
1823.50 6.08450E-09
1824.60 6.06586E-09
1825.80 6.02749E-09
1827.00 5.97160E-09
1828.20 5.85113E-09
1829.40 5.79851E-09
1830.50 5.84000E-09
1831.70 5.92308E-09
1832.90 5.90988E-09
1834.10 5.90655E-09
1835.30 5.93280E-09
1836.40 5.89014E-09
1837.60 5.76218E-09
1838.80 5.64958E-09
1840.00 5.54798E-09
1841.20 5.43548E-09
1842.30 5.46638E-09
1843.50 5.57289E-09
1844.70 5.58974E-09
1845.90 5.64171E-09
1847.10 5.68174E-09
1848.20 5.71306E-09
1849.40 5.70294E-09
1850.60 5.68198E-09
1851.80 5.64142E-09
1853.00 5.59329E-09
1854.10 5.55832E-09
1855.30 5.51918E-09
1856.50 5.52403E-09
1857.70 5.57619E-09
1858.80 5.56693E-09
1860.00 5.61286E-09
1861.20 5.70072E-09
1862.40 5.76577E-09
1863.60 5.71127E-09
1864.70 5.74464E-09
1865.90 5.77847E-09
1867.10 5.77622E-09
1868.30 5.81604E-09
1869.50 5.82968E-09
1870.60 5.84434E-09
1871.80 5.86951E-09
1873.00 5.95129E-09
1874.20 5.98261E-09
1875.40 5.98218E-09
1876.50 5.95056E-09
1877.70 5.93512E-09
1878.90 5.90329E-09
1880.10 5.83949E-09
1881.30 5.85144E-09
1882.40 5.92102E-09
1883.60 5.93591E-09
1884.80 5.90208E-09
1886.00 5.84392E-09
1887.20 5.81726E-09
1888.30 5.85288E-09
1889.50 5.80438E-09
1890.70 5.75833E-09
1891.90 5.74056E-09
1893.10 5.71956E-09
1894.20 5.69441E-09
1895.40 5.66773E-09
1896.60 5.68731E-09
1897.80 5.70112E-09
1899.00 5.72492E-09
1900.10 5.75569E-09
1901.30 5.77088E-09
1902.50 5.75931E-09
1903.70 5.69566E-09
1904.90 5.63454E-09
1906.00 5.58006E-09
1907.20 5.54110E-09
1908.40 5.55954E-09
1909.60 5.55054E-09
1910.80 5.58393E-09
1911.90 5.62078E-09
1913.10 5.64281E-09
1914.30 5.66723E-09
1915.50 5.70902E-09
1916.70 5.73498E-09
1917.80 5.72047E-09
1919.00 5.67746E-09
1920.20 5.59964E-09
1921.40 5.52144E-09
1922.60 5.56943E-09
1923.70 5.57769E-09
1924.90 5.57026E-09
1926.10 5.56262E-09
1927.30 5.52196E-09
1928.50 5.40665E-09
1929.60 5.46861E-09
1930.80 5.55691E-09
1932.00 5.57519E-09
1933.20 5.60251E-09
1934.40 5.65908E-09
1935.50 5.67131E-09
1936.70 5.65942E-09
1937.90 5.69022E-09
1939.10 5.67518E-09
1940.30 5.67702E-09
1941.40 5.69404E-09
1942.60 5.68378E-09
1943.80 5.70257E-09
1945.00 5.67805E-09
1946.10 5.64311E-09
1947.30 5.62665E-09
1948.50 5.68013E-09
1949.70 5.66384E-09
1950.90 5.62335E-09
1952.00 5.58796E-09
1953.20 5.51359E-09
1954.40 5.54308E-09
1955.60 5.60342E-09
1956.80 5.62963E-09
1957.90 5.61237E-09
1959.10 5.65624E-09
1960.30 5.71327E-09
1961.50 5.71329E-09
1962.70 5.64662E-09
1963.80 5.57292E-09
1965.00 5.53397E-09
1966.20 5.48862E-09
1967.40 5.46197E-09
1968.60 5.49212E-09
1969.70 5.51614E-09
1970.90 5.51370E-09
1972.10 5.48524E-09
1973.30 5.44495E-09
1974.50 5.42326E-09
1975.60 5.39009E-09
1976.80 5.34476E-09
1978.00 5.31799E-09
1979.20 5.23829E-09
1980.40 5.22475E-09
1981.50 5.19540E-09
1982.70 5.16799E-09
1983.90 5.10724E-09
1985.10 5.80055E-09
1986.90 5.80130E-09
1988.80 5.79436E-09
1990.70 5.49190E-09
1992.50 5.58044E-09
1994.40 5.82436E-09
1996.30 5.53714E-09
1998.10 5.66552E-09
2000.65 5.76362E-09
2002.55 5.62743E-09
2004.45 5.76529E-09
2006.25 5.46747E-09
2008.15 5.75393E-09
2010.05 5.86947E-09
2011.85 5.42550E-09
2013.75 5.40822E-09
2015.65 6.01934E-09
2017.45 5.80639E-09
2019.35 5.65320E-09
2021.25 5.28239E-09
2023.15 5.64738E-09
2024.95 5.67986E-09
2026.85 5.62951E-09
2028.75 5.54645E-09
2030.55 5.37990E-09
2032.45 5.70971E-09
2034.35 5.65254E-09
2036.15 5.51722E-09
2038.05 5.64046E-09
2039.95 5.06804E-09
2041.76 5.26258E-09
2043.66 5.89735E-09
2045.56 5.49178E-09
2047.46 5.39859E-09
2049.26 5.54147E-09
2051.16 5.49400E-09
2053.06 5.62112E-09
2054.86 5.83610E-09
2056.76 5.95278E-09
2058.66 5.93531E-09
2060.46 5.65268E-09
2062.36 5.29406E-09
2064.26 5.16808E-09
2066.06 5.58119E-09
2067.96 5.51352E-09
2069.86 5.27579E-09
2071.76 5.27065E-09
2073.56 5.23282E-09
2075.46 5.67811E-09
2077.36 6.25147E-09
2079.16 6.13782E-09
2081.06 5.74516E-09
2082.96 5.31019E-09
2084.76 5.71906E-09
2086.66 5.74423E-09
2088.56 5.15275E-09
2090.36 5.13138E-09
2092.26 5.74821E-09
2094.17 5.82661E-09
2096.07 5.32180E-09
2097.87 5.44257E-09
2099.77 5.32523E-09
2101.67 5.21424E-09
2103.47 5.46027E-09
2105.37 5.43629E-09
2107.27 5.27134E-09
2109.07 5.14657E-09
2110.97 5.50452E-09
2112.87 5.24092E-09
2114.67 5.06522E-09
2116.57 5.31956E-09
2118.47 5.27990E-09
2120.37 5.44425E-09
2122.17 5.94771E-09
2124.07 5.49475E-09
2125.97 5.19255E-09
2127.77 5.53270E-09
2129.67 5.56777E-09
2131.57 4.86607E-09
2133.37 4.46628E-09
2135.27 4.32524E-09
2137.17 4.85783E-09
2138.98 5.17107E-09
2140.88 5.03981E-09
2142.77 4.87965E-09
2144.68 4.91477E-09
2146.48 4.91458E-09
2148.38 5.09724E-09
2150.28 4.99036E-09
2152.08 5.03195E-09
2153.98 5.11007E-09
2155.88 5.06624E-09
2157.68 5.11328E-09
2159.58 5.13264E-09
2161.48 5.07377E-09
2163.38 4.70927E-09
2165.18 4.74339E-09
2167.08 4.82808E-09
2168.98 4.73463E-09
2170.78 4.89445E-09
2172.68 4.72357E-09
2174.58 4.90620E-09
2176.38 4.95551E-09
2178.28 4.94364E-09
2180.18 4.67343E-09
2181.98 4.84004E-09
2183.88 4.90562E-09
2185.78 5.10271E-09
2187.68 5.22986E-09
2189.49 5.09814E-09
2191.39 4.60388E-09
2193.29 4.55930E-09
2195.09 4.77803E-09
2196.99 4.90302E-09
2198.89 5.14694E-09
2200.69 5.11310E-09
2202.59 4.91492E-09
2204.49 4.94591E-09
2206.29 4.88048E-09
2208.19 5.01857E-09
2210.09 4.93039E-09
2211.99 4.74895E-09
2213.79 4.52068E-09
2215.69 4.71829E-09
2217.59 4.77827E-09
2219.39 4.55510E-09
2221.29 4.78530E-09
2223.19 4.72584E-09
2224.99 4.72811E-09
2226.89 4.52519E-09
2228.79 4.47307E-09
2230.59 4.65327E-09
2232.49 4.80421E-09
2234.39 4.90299E-09
2236.29 4.86916E-09
2238.09 4.73193E-09
2240.00 4.97300E-09
2241.90 4.84000E-09
2243.70 4.53830E-09
2245.60 4.63132E-09
2247.50 4.74278E-09
2249.30 4.74973E-09
2251.20 4.37149E-09
2253.10 4.30975E-09
2254.90 4.62548E-09
2256.80 4.54728E-09
2258.70 4.27096E-09
2260.60 4.30467E-09
2262.40 4.35682E-09
2264.30 4.31857E-09
2266.20 4.56421E-09
2268.00 4.61285E-09
2269.90 4.37309E-09
2271.80 4.28232E-09
2273.60 4.57869E-09
2275.50 4.88791E-09
2277.40 4.83055E-09
2279.20 4.52641E-09
2281.10 4.41137E-09
2283.00 4.66248E-09
2284.91 4.74610E-09
2286.71 4.98171E-09
2288.61 4.78384E-09
2290.51 4.61531E-09
2292.31 4.49245E-09
2294.21 4.46499E-09
2296.11 4.67714E-09
2297.91 4.77533E-09
2299.81 4.44201E-09
2301.71 4.08178E-09
2303.61 4.23613E-09
2305.41 4.50297E-09
2307.31 4.37669E-09
2309.21 4.40836E-09
2311.01 4.39897E-09
2312.91 4.36242E-09
2314.81 4.53755E-09
2316.61 4.33040E-09
2318.51 4.29488E-09
2320.41 4.15471E-09
2322.21 4.15598E-09
2324.11 4.42972E-09
2326.01 4.68590E-09
2327.92 4.56611E-09
2329.72 4.43577E-09
2331.62 4.21079E-09
2333.52 4.00321E-09
2335.32 4.15148E-09
2337.22 4.39069E-09
2339.12 4.49440E-09
2340.92 4.33218E-09
2342.82 4.13676E-09
2344.72 3.97368E-09
2346.52 3.81838E-09
2348.42 3.83964E-09
2350.32 4.09181E-09
2352.22 4.26672E-09
2354.02 4.11049E-09
2355.92 3.96817E-09
2357.82 3.91561E-09
2359.62 4.13719E-09
2361.52 4.16447E-09
2363.42 3.91169E-09
2365.22 3.80192E-09
2367.12 4.07392E-09
2369.02 4.06820E-09
2370.82 3.98508E-09
2372.73 4.07919E-09
2374.62 4.02998E-09
2376.53 4.10699E-09
2378.33 4.02724E-09
2380.23 3.79603E-09
2382.13 3.77253E-09
2383.93 3.71428E-09
2385.83 3.53338E-09
2387.73 3.62312E-09
2389.53 3.79735E-09
2391.43 3.82038E-09
2393.33 3.91088E-09
2395.13 4.07307E-09
2397.03 3.86950E-09
2398.93 3.78513E-09
2400.83 3.74401E-09
2402.63 3.72095E-09
2404.53 3.83337E-09
2406.43 3.86481E-09
2408.23 3.82289E-09
2410.13 3.75679E-09
2412.03 3.80508E-09
2413.83 3.73817E-09
2415.73 3.62517E-09
2417.64 3.73635E-09
2419.44 3.95323E-09
2421.34 4.01713E-09
2423.24 3.95661E-09
2425.14 3.96201E-09
2426.94 3.95083E-09
2428.84 3.96882E-09
2430.74 3.95137E-09
2432.54 3.87149E-09
2434.44 3.85626E-09
2436.34 3.76501E-09
2438.14 3.71147E-09
2440.04 3.81412E-09
2441.94 4.09056E-09
2443.84 4.18996E-09
2445.64 4.09388E-09
2447.54 4.00720E-09
2449.44 3.88218E-09
2451.24 3.86646E-09
2453.14 4.03667E-09
2455.04 4.13104E-09
2456.84 3.98357E-09
2458.74 3.82994E-09
2460.65 3.93586E-09
2462.45 3.88206E-09
2464.35 3.81377E-09
2466.25 3.79948E-09
2468.15 3.76244E-09
2469.95 3.94939E-09
2471.85 3.93108E-09
2473.75 3.91594E-09
2475.55 3.86461E-09
2477.45 3.91068E-09
2479.35 3.92572E-09
2481.15 3.89835E-09
2483.05 3.78506E-09
2484.95 3.91310E-09
2486.75 3.98940E-09
2488.65 3.99531E-09
2490.55 4.09133E-09
2492.45 3.94722E-09
2494.25 3.80420E-09
2496.15 3.96037E-09
2498.05 4.10932E-09
2499.85 4.08649E-09
2501.75 4.15167E-09
2503.66 4.17755E-09
2505.46 4.12481E-09
2507.35 4.01309E-09
2509.26 3.85069E-09
2511.06 4.01644E-09
2512.96 3.98867E-09
2514.86 3.96920E-09
2516.76 3.95598E-09
2518.56 3.96554E-09
2520.46 4.04971E-09
2522.36 3.87606E-09
2524.16 3.73450E-09
2526.06 3.71207E-09
2527.96 3.64822E-09
2529.76 3.49320E-09
2531.66 3.46355E-09
2533.56 3.73544E-09
2535.36 3.96386E-09
2537.26 3.69802E-09
2539.16 3.47358E-09
2541.06 3.44193E-09
2542.86 3.56372E-09
2544.76 3.74885E-09
2546.66 3.66023E-09
2548.47 3.61099E-09
2550.37 3.61262E-09
2552.27 3.68276E-09
2554.07 3.73214E-09
2555.97 3.86878E-09
2557.87 3.97329E-09
2559.67 4.04252E-09
2561.57 3.84282E-09
2563.47 3.81653E-09
2565.37 3.77674E-09
2567.17 3.73483E-09
2569.07 3.94552E-09
2570.97 4.02636E-09
2572.77 4.00217E-09
2574.67 4.03522E-09
2576.57 3.99964E-09
2578.37 3.92967E-09
2580.27 3.91904E-09
2582.17 3.87093E-09
2584.07 3.96961E-09
2585.87 3.86731E-09
2587.77 3.89104E-09
2589.68 3.93874E-09
2591.48 3.93431E-09
2593.38 3.82572E-09
2595.28 3.88698E-09
2597.08 4.03476E-09
2598.98 4.07628E-09
2600.88 3.80178E-09
2602.68 3.72324E-09
2604.58 3.92540E-09
2606.48 3.98465E-09
2608.38 3.85811E-09
2610.18 3.64795E-09
2612.08 3.67166E-09
2613.98 3.77161E-09
2615.78 3.92275E-09
2617.68 3.91411E-09
2619.58 3.84274E-09
2621.38 3.89883E-09
2623.28 4.01560E-09
2625.18 3.98810E-09
2626.98 3.95008E-09
2628.88 3.81374E-09
2630.78 3.69513E-09
2632.69 3.61832E-09
2634.49 3.65760E-09
2636.39 3.87484E-09
2638.29 4.14972E-09
2640.09 4.20370E-09
2641.99 4.08284E-09
2643.89 4.12530E-09
2645.69 4.22638E-09
2647.59 4.21959E-09
2649.49 4.13210E-09
2651.29 4.13361E-09
2653.19 4.30593E-09
2655.09 4.32211E-09
2656.99 4.09299E-09
2658.79 4.07030E-09
2660.69 4.10001E-09
2662.59 4.04899E-09
2664.39 3.91928E-09
2666.29 3.87029E-09
2668.19 3.81708E-09
2669.99 3.84039E-09
2671.90 3.83748E-09
2673.79 3.88070E-09
2675.59 3.91866E-09
2677.50 3.95347E-09
2679.40 3.97254E-09
2681.30 3.92235E-09
2683.10 3.93404E-09
2685.00 4.00029E-09
2686.90 4.01721E-09
2688.70 3.88724E-09
2690.60 3.83279E-09
2692.50 3.83185E-09
2694.30 3.81830E-09
2696.20 3.89185E-09
2698.10 3.84787E-09
2699.90 3.79128E-09
2701.80 3.77142E-09
2703.70 3.73581E-09
2705.60 3.75372E-09
2707.40 3.78316E-09
2709.30 3.79792E-09
2711.20 3.78329E-09
2713.00 3.74766E-09
2714.91 3.72254E-09
2716.80 3.72470E-09
2718.60 3.76884E-09
2720.51 3.80984E-09
2722.41 3.88338E-09
2724.31 3.83413E-09
2726.11 3.76073E-09
2728.01 3.63171E-09
2729.91 3.67693E-09
2731.71 3.80613E-09
2733.61 3.90385E-09
2735.51 3.99739E-09
2737.31 4.02271E-09
2739.21 3.93151E-09
2741.11 3.76473E-09
2742.91 3.62944E-09
2744.81 3.55925E-09
2746.71 3.61191E-09
2748.61 3.55118E-09
2750.41 3.46525E-09
2752.31 3.41504E-09
2754.21 3.55597E-09
2756.01 3.56144E-09
2757.92 3.60159E-09
2759.81 3.61550E-09
2761.62 3.59579E-09
2763.52 3.65805E-09
2765.42 3.70982E-09
2767.22 3.72692E-09
2769.12 3.70937E-09
2771.02 3.66029E-09
2772.92 3.68479E-09
2774.72 3.71769E-09
2776.62 3.74853E-09
2778.52 3.71524E-09
2780.32 3.61885E-09
2782.22 3.53404E-09
2784.12 3.60064E-09
2785.92 3.65778E-09
2787.82 3.69496E-09
2789.72 3.64590E-09
2791.52 3.54527E-09
2793.42 3.42254E-09
2795.32 3.24403E-09
2797.22 2.95498E-09
2799.02 2.79109E-09
2800.93 2.90191E-09
2802.83 3.04538E-09
2804.63 3.09622E-09
2806.53 3.15235E-09
2808.43 3.44332E-09
2810.23 3.74801E-09
2812.13 3.82213E-09
2814.03 3.77513E-09
2815.83 3.76180E-09
2817.73 3.78536E-09
2819.63 3.85634E-09
2821.53 3.86726E-09
2823.33 3.86762E-09
2825.23 3.90804E-09
2827.13 3.88206E-09
2828.93 3.80967E-09
2830.83 3.73621E-09
2832.73 3.61635E-09
2834.53 3.66199E-09
2836.43 3.68760E-09
2838.33 3.64361E-09
2840.14 3.70189E-09
2842.03 3.68002E-09
2843.94 3.62333E-09
2845.84 3.56240E-09
2847.64 3.58794E-09
2849.54 3.64830E-09
2851.44 3.65379E-09
2853.24 3.65715E-09
2855.14 3.60563E-09
2857.04 3.59948E-09
2858.84 3.59435E-09
2860.74 3.61350E-09
2862.64 3.65163E-09
2864.54 3.59265E-09
2866.34 3.54631E-09
2868.24 3.51369E-09
2870.14 3.49477E-09
2871.94 3.49801E-09
2873.84 3.52129E-09
2875.74 3.52239E-09
2877.54 3.56043E-09
2879.45 3.54884E-09
2881.34 3.53408E-09
2883.15 3.58264E-09
2885.05 3.64279E-09
2886.95 3.64383E-09
2888.85 3.68812E-09
2890.65 3.64903E-09
2892.55 3.56769E-09
2894.45 3.51590E-09
2896.25 3.49261E-09
2898.15 3.55796E-09
2900.05 3.65813E-09
2901.85 3.69602E-09
2903.75 3.76554E-09
2905.65 3.82556E-09
2907.45 3.79059E-09
2909.35 3.75455E-09
2911.25 3.73855E-09
2913.15 3.74575E-09
2914.95 3.73607E-09
2916.85 3.71688E-09
2918.75 3.71244E-09
2920.55 3.75443E-09
2922.46 3.77635E-09
2924.35 3.68644E-09
2926.16 3.62819E-09
2928.06 3.60790E-09
2929.96 3.58127E-09
2931.76 3.57679E-09
2933.66 3.56596E-09
2935.56 3.51928E-09
2937.46 3.49369E-09
2939.26 3.57246E-09
2941.16 3.55844E-09
2943.06 3.55600E-09
2944.86 3.60733E-09
2946.76 3.61646E-09
2948.66 3.56553E-09
2950.46 3.62734E-09
2952.36 3.63013E-09
2954.26 3.58023E-09
2956.06 3.60830E-09
2957.96 3.67635E-09
2959.86 3.74648E-09
2961.76 3.70603E-09
2963.56 3.63402E-09
2965.47 3.61673E-09
2967.37 3.65626E-09
2969.17 3.67159E-09
2971.07 3.64900E-09
2972.97 3.61482E-09
2974.77 3.67534E-09
2976.67 3.67585E-09
2978.57 3.60484E-09
2980.37 3.60851E-09
2982.27 3.60793E-09
2984.17 3.61785E-09
2986.07 3.59726E-09
2987.87 3.56619E-09
2989.77 3.63383E-09
2991.67 3.67622E-09
2993.47 3.70181E-09
2995.37 3.68953E-09
2997.27 3.69823E-09
2999.07 3.59359E-09
3000.98 3.57079E-09
3002.88 3.59937E-09
3004.77 3.65519E-09
3006.58 3.68374E-09
3008.48 3.66189E-09
3010.38 3.66727E-09
3012.18 3.68106E-09
3014.08 3.60257E-09
3015.98 3.59428E-09
3017.78 3.63312E-09
3019.68 3.66245E-09
3021.58 3.65302E-09
3023.38 3.66140E-09
3025.28 3.68015E-09
3027.18 3.66436E-09
3029.08 3.62032E-09
3030.88 3.65889E-09
3032.78 3.64199E-09
3034.68 3.64594E-09
3036.48 3.64889E-09
3038.38 3.64234E-09
3040.28 3.65871E-09
3042.08 3.64487E-09
3043.99 3.59967E-09
3045.89 3.54406E-09
3047.69 3.53226E-09
3049.59 3.53598E-09
3051.49 3.48868E-09
3053.39 3.41019E-09
3055.19 3.44512E-09
3057.09 3.48406E-09
3058.99 3.50423E-09
3060.79 3.54312E-09
3062.69 3.44281E-09
3064.59 3.38819E-09
3066.39 3.40313E-09
3068.29 3.44486E-09
3070.19 3.43784E-09
3071.99 3.38328E-09
3073.89 3.37209E-09
3075.79 3.37948E-09
3077.69 3.39922E-09
3079.49 3.39318E-09
3081.40 3.39630E-09
3083.29 3.41174E-09
3085.10 3.45301E-09
3087.00 3.44668E-09
3088.90 3.43620E-09
3090.70 3.43302E-09
3092.60 3.31555E-09
3094.50 3.30300E-09
3096.30 3.39835E-09
3098.20 3.41748E-09
3100.10 3.39247E-09
3102.00 3.36336E-09
3103.80 3.34668E-09
3105.70 3.34828E-09
3107.60 3.36211E-09
3109.40 3.40668E-09
3111.30 3.44286E-09
3113.20 3.42592E-09
3115.00 3.38671E-09
3116.90 3.33620E-09
3118.80 3.30509E-09
3120.60 3.31177E-09
3122.50 3.29290E-09
3124.41 3.31363E-09
3126.31 3.34752E-09
3128.11 3.38453E-09
3130.01 3.38488E-09
3131.91 3.36397E-09
3133.71 3.36144E-09
3135.61 3.35878E-09
3137.51 3.39551E-09
3139.31 3.42223E-09
3141.21 3.44576E-09
3143.11 3.48236E-09
3145.01 3.46557E-09
3146.81 3.41678E-09
3148.71 3.35788E-09
3150.61 3.34027E-09
3152.41 3.31080E-09
3154.31 3.27825E-09
3156.21 3.28185E-09
3158.01 3.27559E-09
3159.91 3.30226E-09
3161.81 3.31892E-09
3163.61 3.32272E-09
3165.52 3.34540E-09
3167.42 3.37708E-09
3169.32 3.37185E-09
3171.12 3.37874E-09
3173.02 3.39451E-09
3174.92 3.37647E-09
3176.72 3.33373E-09
3178.62 3.30390E-09
3180.52 3.27814E-09
3182.32 3.28928E-09
3184.22 3.32518E-09
3186.12 3.31743E-09
3187.92 3.29297E-09
3189.82 3.34578E-09
3191.72 3.35500E-09
3193.62 3.30781E-09
3195.42 3.29247E-09
3197.32 3.30182E-09
3199.22 3.28353E-09
3201.02 3.25350E-09
3202.93 3.25310E-09
3204.82 3.35543E-09
3206.63 3.36500E-09
3208.53 3.28672E-09
3210.43 3.23813E-09
3212.23 3.23601E-09
3214.13 3.27525E-09
3216.03 3.29875E-09
3217.93 3.31241E-09
3219.73 3.29957E-09
3221.63 3.29459E-09
3223.53 3.27586E-09
3225.33 3.26019E-09
3227.23 3.23959E-09
3229.13 3.21804E-09
3230.93 3.22018E-09
3232.83 3.22819E-09
3234.73 3.23722E-09
3236.53 3.24532E-09
3238.43 3.25342E-09
3240.33 3.22030E-09
3242.24 3.20391E-09
3244.04 3.19544E-09
3245.94 3.17813E-09
3247.84 3.16282E-09
3249.64 3.18092E-09
3251.54 3.18920E-09
3253.44 3.22496E-09
3255.24 3.26370E-09
3257.14 3.17989E-09
3259.04 3.15690E-09
3260.84 3.20452E-09
3262.74 3.26094E-09
3264.64 3.29190E-09
3266.54 3.33365E-09
3268.34 3.27650E-09
3270.24 3.23798E-09
3272.14 3.22004E-09
3273.94 3.26090E-09
3275.84 3.26455E-09
3277.74 3.19773E-09
3279.54 3.11919E-09
3281.45 3.15325E-09
3283.34 3.19516E-09
3285.25 3.17149E-09
3287.05 3.13415E-09
3288.95 3.14282E-09
3290.85 3.15444E-09
3292.65 3.17783E-09
3294.55 3.16305E-09
3296.45 3.13361E-09
3298.25 3.14823E-09
3300.15 3.16775E-09
3300.95 3.34390E-09
3325.96 3.28286E-09
3350.96 3.24379E-09
3375.97 3.23782E-09
3400.98 3.23186E-09
3425.98 3.19929E-09
3450.99 3.16121E-09
3476.00 3.12934E-09
3501.00 3.10351E-09
3526.01 3.09494E-09
3551.01 3.08640E-09
3576.02 3.06375E-09
3601.03 3.04967E-09
3626.03 3.03566E-09
3651.04 3.04686E-09
3676.05 3.05811E-09
3701.05 3.06657E-09
3726.06 3.17580E-09
3751.07 3.64295E-09
3776.07 4.22137E-09
3801.08 4.91420E-09
3826.08 5.54438E-09
3851.09 6.37166E-09
3876.10 7.06404E-09
3901.10 6.96070E-09
3926.11 7.75270E-09
3951.12 7.16231E-09
3976.12 6.81480E-09
4001.13 8.04365E-09
4026.14 8.69867E-09
4051.14 8.61099E-09
4076.15 7.38334E-09
4101.16 6.50209E-09
4126.16 7.10318E-09
4151.17 7.94059E-09
4176.18 7.84608E-09
4201.18 7.73843E-09
4226.19 7.65337E-09
4251.20 7.50677E-09
4276.20 7.28204E-09
4301.21 6.67810E-09
4326.22 5.61633E-09
4351.22 5.63187E-09
4376.23 6.31325E-09
4401.24 6.74610E-09
4426.24 6.66581E-09
4451.25 6.56830E-09
4476.26 6.46031E-09
4501.26 6.35994E-09
4526.27 6.22090E-09
4551.28 5.97383E-09
4576.28 6.01801E-09
4601.29 5.96284E-09
4626.30 5.88644E-09
4651.30 5.80033E-09
4676.31 5.68922E-09
4701.32 5.58538E-09
4726.32 5.48344E-09
4751.33 5.37345E-09
4776.33 5.28997E-09
4801.34 5.18863E-09
4826.35 4.79792E-09
4851.36 4.11011E-09
4876.36 4.12908E-09
4901.37 4.60313E-09
4926.38 4.86467E-09
4951.38 4.80234E-09
4976.39 4.71469E-09
5001.40 4.65000E-09
5026.40 4.57776E-09
5051.41 4.50664E-09
5076.42 4.44890E-09
5101.42 4.38382E-09
5126.43 4.32367E-09
5151.44 4.26043E-09
5176.44 4.20197E-09
5201.45 4.14050E-09
5226.46 4.09122E-09
5251.46 4.03509E-09
5276.47 3.98706E-09
5301.48 3.92874E-09
5326.48 3.89631E-09
5351.49 3.84639E-09
5376.50 3.79361E-09
5401.50 3.74846E-09
5426.51 3.69703E-09
5451.52 3.64631E-09
5476.52 3.59959E-09
5501.53 3.54041E-09
5526.54 3.49183E-09
5551.54 3.45027E-09
5576.55 3.42179E-09
5601.56 3.37173E-09
5626.56 3.31324E-09
5651.57 3.26477E-09
5676.58 3.21998E-09
5701.58 3.17288E-09
5726.59 3.14089E-09
5751.60 3.09780E-09
5776.60 3.05529E-09
5801.61 3.01337E-09
5826.62 2.99125E-09
5851.62 2.93936E-09
5876.63 2.89903E-09
5901.64 2.85662E-09
5926.64 2.81484E-09
5951.65 2.77366E-09
5976.66 2.73812E-09
6001.67 2.69559E-09
6026.67 2.66105E-09
6051.68 2.62938E-09
6076.69 2.60287E-09
6101.69 2.57426E-09
6126.70 2.53894E-09
6151.71 2.50411E-09
6176.71 2.46975E-09
6201.72 2.43586E-09
6226.73 2.40244E-09
6251.73 2.36730E-09
6276.74 2.34776E-09
6301.75 2.32195E-09
6326.75 2.29009E-09
6351.76 2.26910E-09
6376.77 2.25659E-09
6401.77 2.24003E-09
6426.78 2.20522E-09
6451.79 2.17697E-09
6476.79 2.14710E-09
6501.80 2.10791E-09
6526.81 1.92598E-09
6551.81 1.74523E-09
6576.82 1.67438E-09
6601.83 1.86489E-09
6626.83 2.01490E-09
6651.84 1.99275E-09
6676.85 1.97085E-09
6701.85 1.94918E-09
6726.86 1.93309E-09
6751.87 1.91185E-09
6776.87 1.88909E-09
6801.88 1.86661E-09
6826.89 1.84100E-09
6851.89 1.81407E-09
6876.90 1.79413E-09
6901.91 1.76951E-09
6926.91 1.74684E-09
6951.92 1.73721E-09
6976.93 1.71812E-09
7001.93 1.70708E-09
7026.94 1.68676E-09
7051.95 1.66515E-09
7076.95 1.64381E-09
7101.96 1.62575E-09
7126.97 1.60344E-09
7151.98 1.58144E-09
7176.98 1.56694E-09
7201.99 1.55258E-09
7227.00 1.53834E-09
7252.00 1.52283E-09
7277.01 1.50333E-09
7302.02 1.48270E-09
7327.02 1.46775E-09
7352.03 1.45162E-09
7377.04 1.43964E-09
7402.04 1.42907E-09
7427.05 1.41336E-09
7452.06 1.39783E-09
7477.06 1.38374E-09
7502.07 1.36979E-09
7527.08 1.35348E-09
7552.08 1.34231E-09
7577.09 1.32389E-09
7602.10 1.31417E-09
7627.10 1.29614E-09
7652.11 1.28663E-09
7677.12 1.27601E-09
7702.12 1.25618E-09
7727.13 1.24696E-09
7752.14 1.23781E-09
7777.14 1.21970E-09
7802.15 1.20963E-09
7827.16 1.20075E-09
7852.17 1.19194E-09
7877.17 1.18210E-09
7902.18 1.17234E-09
7927.19 1.15306E-09
7952.19 1.14354E-09
7977.20 1.13306E-09
8002.21 1.12371E-09
8027.21 1.11443E-09
8052.22 1.10523E-09
8077.23 1.09510E-09
8102.23 1.08506E-09
8127.24 1.07610E-09
8152.25 1.06623E-09
8177.25 1.04581E-09
8202.26 1.03622E-09
8227.27 1.02672E-09
8252.27 1.01731E-09
8277.28 1.00613E-09
8302.29 9.95985E-10
8327.29 9.86854E-10
8352.30 9.76007E-10
8377.31 9.67059E-10
8402.31 9.56429E-10
8427.32 9.37245E-10
8452.33 9.27797E-10
8477.33 9.17599E-10
8502.34 9.07513E-10
8527.35 8.87673E-10
8552.35 8.77916E-10
8577.36 8.57932E-10
8602.37 8.37631E-10
8627.37 8.77916E-10
8652.38 9.26943E-10
8677.39 9.67059E-10
8702.39 9.66169E-10
8727.40 8.38403E-10
8752.41 8.08822E-10
8777.41 9.17599E-10
8802.42 9.56429E-10
8827.43 8.57932E-10
8852.43 7.78848E-10
8877.44 8.77916E-10
8902.45 9.17599E-10
8927.46 9.17599E-10
8952.46 9.07513E-10
8977.47 8.19319E-10
9002.48 6.70893E-10
9027.48 6.70893E-10
9052.49 7.89683E-10
9077.50 8.39176E-10
9102.50 8.29188E-10
9127.51 8.09567E-10
9152.52 7.40377E-10
9177.52 6.70893E-10
9202.53 6.01801E-10
9227.54 5.91906E-10
9252.54 6.61078E-10
9277.55 7.69579E-10
9302.56 7.99195E-10
9327.56 7.89683E-10
9352.57 7.79566E-10
9377.58 7.69579E-10
9402.58 7.69579E-10
9427.59 7.49986E-10
9452.60 7.20863E-10
9477.60 6.61687E-10
9502.61 5.82174E-10
9527.62 5.23664E-10
9552.62 5.23182E-10
9577.63 6.22090E-10
9602.64 6.90960E-10
9627.65 7.20863E-10
9652.65 7.30219E-10
9677.66 7.20863E-10
9702.67 7.20863E-10
9727.67 7.00572E-10
9752.68 6.81480E-10
9777.69 6.71511E-10
9802.69 6.62297E-10
9827.70 6.52008E-10
9852.71 6.52609E-10
9877.71 6.52008E-10
9902.72 6.43062E-10
9927.73 6.33072E-10
9952.73 6.03466E-10
9977.74 5.73658E-10
10002.75 5.34383E-10
10027.75 4.74956E-10
10052.76 4.25650E-10
10077.77 5.15054E-10
10102.78 5.44318E-10
10127.78 5.74187E-10
10152.79 5.84861E-10
10177.80 5.94638E-10
10202.80 6.04579E-10
10227.81 5.94638E-10
10252.82 5.94638E-10
10277.82 5.85940E-10
10302.83 5.86480E-10
10327.84 5.76306E-10
10352.84 5.76837E-10
10377.85 5.67875E-10
10402.86 5.68399E-10
10427.86 5.58538E-10
10452.87 5.59053E-10
10477.88 5.49861E-10
10502.88 5.49861E-10
10525.00 5.34257E-10
10550.00 5.29543E-10
10575.00 5.25918E-10
10600.00 5.20824E-10
10625.00 5.17150E-10
10650.00 5.13180E-10
10675.00 5.05034E-10
10700.00 4.96092E-10
10725.00 4.97890E-10
10750.00 4.95009E-10
10775.00 4.91810E-10
10800.00 4.86965E-10
10825.00 4.80662E-10
10850.00 4.76160E-10
10875.00 4.65989E-10
10900.00 4.48184E-10
10925.00 3.91077E-10
10950.00 3.56836E-10
10975.00 4.29274E-10
11000.00 4.46762E-10
11025.00 4.49333E-10
11050.00 4.48632E-10
11075.00 4.46258E-10
11100.00 4.43310E-10
11125.00 4.39947E-10
11150.00 4.36856E-10
11175.00 4.33635E-10
11200.00 4.30106E-10
11225.00 4.27025E-10
11250.00 4.23458E-10
11275.00 4.20455E-10
11300.00 4.09394E-10
11325.00 4.12119E-10
11350.00 4.10396E-10
11375.00 4.07211E-10
11400.00 4.04031E-10
11425.00 4.01501E-10
11450.00 3.97661E-10
11475.00 3.95466E-10
11500.00 3.92430E-10
11525.00 3.89434E-10
11550.00 3.86477E-10
11575.00 3.83513E-10
11600.00 3.80212E-10
11625.00 3.75991E-10
11650.00 3.72971E-10
11675.00 3.69608E-10
11700.00 3.69292E-10
11725.00 3.66491E-10
11750.00 3.58303E-10
11775.00 3.60401E-10
11800.00 3.57756E-10
11825.00 3.54981E-10
11850.00 3.51396E-10
11875.00 3.49620E-10
11900.00 3.45999E-10
11925.00 3.45329E-10
11950.00 3.41828E-10
11975.00 3.39857E-10
12000.00 3.37087E-10
12025.00 3.34471E-10
12050.00 3.32786E-10
12075.00 3.29374E-10
12100.00 3.27621E-10
12125.00 3.25237E-10
12150.00 3.23217E-10
12175.00 3.20704E-10
12200.00 3.18339E-10
12225.00 3.16140E-10
12250.00 3.13582E-10
12275.00 3.11211E-10
12300.00 3.09371E-10
12325.00 3.06776E-10
12350.00 3.04541E-10
12375.00 3.02729E-10
12400.00 3.00628E-10
12425.00 2.98454E-10
12450.00 2.96326E-10
12475.00 2.93258E-10
12500.00 2.92123E-10
12525.00 2.89904E-10
12550.00 2.87661E-10
12575.00 2.84643E-10
12600.00 2.83425E-10
12625.00 2.80881E-10
12650.00 2.79424E-10
12675.00 2.77073E-10
12700.00 2.74647E-10
12725.00 2.71636E-10
12750.00 2.67332E-10
12775.00 2.59221E-10
12800.00 2.38341E-10
12825.00 2.06912E-10
12850.00 2.42867E-10
12875.00 2.54694E-10
12900.00 2.57437E-10
12925.00 2.57485E-10
12950.00 2.56467E-10
12975.00 2.55150E-10
13000.00 2.53701E-10
13025.00 2.52079E-10
13050.00 2.50484E-10
13075.00 2.48838E-10
13100.00 2.47203E-10
13125.00 2.45399E-10
13150.00 2.43819E-10
13175.00 2.41523E-10
13200.00 2.40671E-10
13225.00 2.39039E-10
13250.00 2.37452E-10
13275.00 2.35865E-10
13300.00 2.34275E-10
13325.00 2.32731E-10
13350.00 2.31186E-10
13375.00 2.29645E-10
13400.00 2.28105E-10
13425.00 2.26537E-10
13450.00 2.25101E-10
13475.00 2.23405E-10
13500.00 2.21857E-10
13525.00 2.20687E-10
13550.00 2.18968E-10
13575.00 2.17547E-10
13600.00 2.16246E-10
13625.00 2.14805E-10
13650.00 2.13284E-10
13675.00 2.12089E-10
13700.00 2.10093E-10
13725.00 2.09358E-10
13750.00 2.07581E-10
13775.00 2.06469E-10
13800.00 2.05269E-10
13825.00 2.03910E-10
13850.00 2.02673E-10
13875.00 2.01368E-10
13900.00 2.00053E-10
13925.00 1.98703E-10
13950.00 1.97299E-10
13975.00 1.96217E-10
14000.00 1.94927E-10
14025.00 1.93711E-10
14050.00 1.92489E-10
14075.00 1.91268E-10
14100.00 1.90048E-10
14125.00 1.88795E-10
14150.00 1.87635E-10
14175.00 1.86428E-10
14200.00 1.85282E-10
14225.00 1.84092E-10
14250.00 1.82925E-10
14275.00 1.81795E-10
14300.00 1.80595E-10
14325.00 1.79517E-10
14350.00 1.78414E-10
14375.00 1.77296E-10
14400.00 1.75321E-10
14425.00 1.74234E-10
14450.00 1.73729E-10
14475.00 1.72893E-10
14500.00 1.71780E-10
14525.00 1.70635E-10
14550.00 1.68926E-10
14575.00 1.68675E-10
14600.00 1.67669E-10
14625.00 1.66531E-10
14650.00 1.65355E-10
14675.00 1.64664E-10
14700.00 1.63737E-10
14725.00 1.62757E-10
14750.00 1.61491E-10
14775.00 1.60507E-10
14800.00 1.59756E-10
14825.00 1.58789E-10
14850.00 1.57842E-10
14875.00 1.56315E-10
14900.00 1.55961E-10
14925.00 1.54878E-10
14950.00 1.53719E-10
14975.00 1.52488E-10
15000.00 1.51220E-10
15025.00 1.49742E-10
15050.00 1.48749E-10
15075.00 1.47389E-10
15100.00 1.46410E-10
15125.00 1.44598E-10
15150.00 1.43863E-10
15175.00 1.42529E-10
15200.00 1.41507E-10
15225.00 1.41141E-10
15250.00 1.38988E-10
15275.00 1.38206E-10
15300.00 1.38830E-10
15325.00 1.36592E-10
15350.00 1.34280E-10
15375.00 1.36417E-10
15400.00 1.36432E-10
15425.00 1.32416E-10
15450.00 1.29898E-10
15475.00 1.33738E-10
15500.00 1.34932E-10
15525.00 1.32335E-10
15550.00 1.25606E-10
15575.00 1.25974E-10
15600.00 1.31164E-10
15625.00 1.32624E-10
15650.00 1.31241E-10
15675.00 1.26426E-10
15700.00 1.17767E-10
15725.00 1.22118E-10
15750.00 1.27531E-10
15775.00 1.29213E-10
15800.00 1.29082E-10
15825.00 1.27043E-10
15850.00 1.22219E-10
15875.00 1.12057E-10
15900.00 1.13856E-10
15925.00 1.21631E-10
15950.00 1.24629E-10
15975.00 1.25577E-10
16000.00 1.25457E-10
16025.00 1.23983E-10
16050.00 1.21524E-10
16075.00 1.16748E-10
16100.00 1.06611E-10
16125.00 1.04698E-10
16150.00 1.14256E-10
16175.00 1.17870E-10
16200.00 1.19029E-10
16225.00 1.19160E-10
16250.00 1.18788E-10
16275.00 1.18111E-10
16300.00 1.17120E-10
16325.00 1.15641E-10
16350.00 1.13086E-10
16375.00 1.08260E-10
16400.00 9.73668E-11
16425.00 9.78703E-11
16450.00 1.06967E-10
16475.00 1.10267E-10
16500.00 1.11361E-10
16525.00 1.11568E-10
16550.00 1.11319E-10
16575.00 1.10850E-10
16600.00 1.10334E-10
16625.00 1.09722E-10
16650.00 1.08958E-10
16675.00 1.08191E-10
16700.00 1.07211E-10
16725.00 1.05764E-10
16750.00 1.03400E-10
16775.00 9.87548E-11
16800.00 8.81781E-11
16825.00 8.94291E-11
16850.00 9.78916E-11
16875.00 1.00968E-10
16900.00 1.01570E-10
16925.00 1.02180E-10
16950.00 1.01985E-10
16975.00 1.01563E-10
17000.00 1.01145E-10
17025.00 1.00657E-10
17050.00 1.00171E-10
17075.00 9.96381E-11
17100.00 9.89148E-11
17125.00 9.84016E-11
17150.00 9.79833E-11
17175.00 9.73851E-11
17200.00 9.67446E-11
17225.00 9.60132E-11
17250.00 9.50563E-11
17275.00 9.38488E-11
17300.00 9.22233E-11
17325.00 8.86394E-11
17350.00 8.10058E-11
17375.00 7.65522E-11
17400.00 8.56568E-11
17425.00 8.90343E-11
17450.00 8.98988E-11
17475.00 9.05285E-11
17500.00 9.02417E-11
17525.00 9.01706E-11
17550.00 8.97330E-11
17575.00 8.95041E-11
17600.00 8.89405E-11
17625.00 8.85835E-11
17650.00 8.79456E-11
17675.00 8.76888E-11
17700.00 8.72965E-11
17725.00 8.68250E-11
17750.00 8.64045E-11
17775.00 8.58167E-11
17800.00 8.54534E-11
17825.00 8.49131E-11
17850.00 8.45567E-11
17875.00 8.41869E-11
17900.00 8.37631E-11
17925.00 8.33301E-11
17950.00 8.29019E-11
17975.00 8.24652E-11
18000.00 8.18970E-11
18025.00 8.06622E-11
18050.00 8.05599E-11
18075.00 7.97164E-11
18100.00 7.85603E-11
18125.00 7.65463E-11
18150.00 7.24166E-11
18175.00 6.41728E-11
18200.00 6.96093E-11
18225.00 7.40052E-11
18250.00 7.56059E-11
18275.00 7.64139E-11
18300.00 7.64636E-11
18325.00 7.61430E-11
18350.00 7.60517E-11
18375.00 7.57312E-11
18400.00 7.53972E-11
18425.00 7.50145E-11
18450.00 7.46698E-11
18475.00 7.42547E-11
18500.00 7.39036E-11
18525.00 7.34529E-11
18550.00 7.30060E-11
18575.00 7.26366E-11
18600.00 7.22271E-11
18625.00 7.16336E-11
18650.00 7.10692E-11
18675.00 7.01570E-11
18700.00 6.86530E-11
18725.00 6.55115E-11
18750.00 5.72957E-11
18775.00 6.21412E-11
18800.00 6.63183E-11
18825.00 6.76637E-11
18850.00 6.79144E-11
18875.00 6.81511E-11
18900.00 6.79936E-11
18925.00 6.75525E-11
18950.00 6.74794E-11
18975.00 6.71984E-11
19000.00 6.69165E-11
19025.00 6.66035E-11
19050.00 6.62983E-11
19075.00 6.59764E-11
19100.00 6.56577E-11
19125.00 6.53295E-11
19150.00 6.50075E-11
19175.00 6.46768E-11
19200.00 6.43349E-11
19225.00 6.40021E-11
19250.00 6.36490E-11
19275.00 6.32455E-11
19300.00 6.28544E-11
19325.00 6.23731E-11
19350.00 6.17510E-11
19375.00 6.08200E-11
19400.00 5.91908E-11
19425.00 5.58879E-11
19450.00 5.01922E-11
19475.00 5.50664E-11
19500.00 5.79722E-11
19525.00 5.90729E-11
19550.00 5.94312E-11
19575.00 5.94673E-11
19600.00 5.93566E-11
19625.00 5.91642E-11
19650.00 5.89523E-11
19675.00 5.87151E-11
19700.00 5.84632E-11
19725.00 5.81134E-11
19750.00 5.79400E-11
19775.00 5.76748E-11
19800.00 5.74120E-11
19825.00 5.71483E-11
19850.00 5.68822E-11
19875.00 5.66234E-11
19900.00 5.63571E-11
19925.00 5.60934E-11
19950.00 5.58365E-11
19975.00 5.55729E-11
20000.00 5.53251E-11
20025.00 5.50691E-11
20050.00 5.48086E-11
20075.00 5.45588E-11
20100.00 5.43049E-11
20125.00 5.40521E-11
20150.00 5.37944E-11
20175.00 5.35514E-11
20200.00 5.32975E-11
20225.00 5.30541E-11
20250.00 5.28097E-11
20275.00 5.25659E-11
20300.00 5.23028E-11
20325.00 5.20832E-11
20350.00 5.18381E-11
20375.00 5.15964E-11
20400.00 5.13661E-11
20425.00 5.11309E-11
20450.00 5.08970E-11
20475.00 5.06642E-11
20500.00 5.04326E-11
20525.00 5.01986E-11
20550.00 4.99729E-11
20575.00 4.97440E-11
20600.00 4.95072E-11
20625.00 4.92800E-11
20650.00 4.90552E-11
20675.00 4.88446E-11
20700.00 4.86152E-11
20725.00 4.83975E-11
20750.00 4.81845E-11
20775.00 4.79586E-11
20800.00 4.77479E-11
20825.00 4.75313E-11
20850.00 4.73180E-11
20875.00 4.71055E-11
20900.00 4.68895E-11
20925.00 4.66600E-11
20950.00 4.64707E-11
20975.00 4.62650E-11
21000.00 4.60563E-11
21025.00 4.57885E-11
21050.00 4.56460E-11
21075.00 4.54415E-11
21100.00 4.52324E-11
21125.00 4.50352E-11
21150.00 4.47891E-11
21175.00 4.46285E-11
21200.00 4.43347E-11
21225.00 4.41816E-11
21250.00 4.40329E-11
21275.00 4.37013E-11
21300.00 4.36013E-11
21325.00 4.34308E-11
21350.00 4.32263E-11
21375.00 4.30125E-11
21400.00 4.28148E-11
21425.00 4.26095E-11
21450.00 4.23997E-11
21475.00 4.21796E-11
21500.00 4.19328E-11
21525.00 4.16432E-11
21550.00 4.12895E-11
21575.00 4.07920E-11
21600.00 3.99960E-11
21625.00 3.85279E-11
21650.00 3.50925E-11
21675.00 3.56044E-11
21700.00 3.82306E-11
21725.00 3.92465E-11
21750.00 3.96374E-11
21775.00 3.97361E-11
21800.00 3.97332E-11
21825.00 3.96445E-11
21850.00 3.95366E-11
21875.00 3.93880E-11
21900.00 3.92571E-11
21925.00 3.91059E-11
21950.00 3.89509E-11
21975.00 3.87929E-11
22000.00 3.86325E-11
22025.00 3.84719E-11
22050.00 3.83084E-11
22075.00 3.81293E-11
22100.00 3.79904E-11
22125.00 3.78347E-11
22150.00 3.76674E-11
22175.00 3.74283E-11
22200.00 3.73594E-11
22225.00 3.72019E-11
22250.00 3.70455E-11
22275.00 3.68884E-11
22300.00 3.67348E-11
22325.00 3.65791E-11
22350.00 3.64261E-11
22375.00 3.62722E-11
22400.00 3.61216E-11
22425.00 3.59699E-11
22450.00 3.58196E-11
22475.00 3.56676E-11
22500.00 3.55210E-11
22525.00 3.53639E-11
22550.00 3.52107E-11
22575.00 3.50720E-11
22600.00 3.49318E-11
22625.00 3.47848E-11
22650.00 3.46376E-11
22675.00 3.44983E-11
22700.00 3.43553E-11
22725.00 3.41997E-11
22750.00 3.40704E-11
22775.00 3.39305E-11
22800.00 3.37924E-11
22825.00 3.36435E-11
22850.00 3.35180E-11
22875.00 3.33818E-11
22900.00 3.32399E-11
22925.00 3.31024E-11
22950.00 3.29766E-11
22975.00 3.28429E-11
23000.00 3.27104E-11
23025.00 3.25805E-11
23050.00 3.24483E-11
23075.00 3.23184E-11
23100.00 3.21867E-11
23125.00 3.20533E-11
23150.00 3.19294E-11
23175.00 3.18007E-11
23200.00 3.16739E-11
23225.00 3.15472E-11
23250.00 3.14194E-11
23275.00 3.12948E-11
23300.00 3.11691E-11
23325.00 3.10438E-11
23350.00 3.09172E-11
23375.00 3.07914E-11
23400.00 3.06701E-11
23425.00 3.05448E-11
23450.00 3.04204E-11
23475.00 3.02937E-11
23500.00 3.01740E-11
23525.00 3.00462E-11
23550.00 2.99305E-11
23575.00 2.97953E-11
23600.00 2.96794E-11
23625.00 2.95532E-11
23650.00 2.94115E-11
23675.00 2.93060E-11
23700.00 2.91652E-11
23725.00 2.90258E-11
23750.00 2.89240E-11
23775.00 2.87876E-11
23800.00 2.86206E-11
23825.00 2.85356E-11
23850.00 2.84055E-11
23875.00 2.82627E-11
23900.00 2.81394E-11
23925.00 2.80548E-11
23950.00 2.79299E-11
23975.00 2.77864E-11
24000.00 2.76161E-11
24025.00 2.75282E-11
24050.00 2.74119E-11
24075.00 2.73162E-11
24100.00 2.71663E-11
24125.00 2.70059E-11
24150.00 2.68983E-11
24175.00 2.68059E-11
24200.00 2.67181E-11
24225.00 2.66429E-11
24250.00 2.65069E-11
24275.00 2.63527E-11
24300.00 2.62085E-11
24325.00 2.61168E-11
24350.00 2.60686E-11
24375.00 2.60403E-11
24400.00 2.59539E-11
24425.00 2.58037E-11
24450.00 2.56089E-11
24475.00 2.54104E-11
24500.00 2.53143E-11
24525.00 2.53169E-11
24550.00 2.53430E-11
24575.00 2.53171E-11
24600.00 2.52369E-11
24625.00 2.50822E-11
24650.00 2.48541E-11
24675.00 2.45789E-11
24700.00 2.43920E-11
24725.00 2.44087E-11
24750.00 2.45156E-11
24775.00 2.45722E-11
24800.00 2.45619E-11
24825.00 2.44918E-11
24850.00 2.43756E-11
24875.00 2.41736E-11
24900.00 2.39124E-11
24925.00 2.35697E-11
24950.00 2.32884E-11
24975.00 2.33541E-11
25000.00 2.38450E-11
25025.00 2.41365E-11
25050.00 2.40226E-11
25075.00 2.38994E-11
25100.00 2.37655E-11
25125.00 2.36120E-11
25150.00 2.34327E-11
25175.00 2.32011E-11
25200.00 2.29072E-11
25225.00 2.25056E-11
25250.00 2.20435E-11
25275.00 2.20044E-11
25300.00 2.23025E-11
25325.00 2.25103E-11
25350.00 2.26156E-11
25375.00 2.26441E-11
25400.00 2.26302E-11
25425.00 2.25789E-11
25450.00 2.25079E-11
25475.00 2.24084E-11
25500.00 2.22856E-11
25525.00 2.21270E-11
25550.00 2.19318E-11
25575.00 2.16451E-11
25600.00 2.12523E-11
25625.00 2.06915E-11
25650.00 2.04106E-11
25675.00 2.08225E-11
25700.00 2.11318E-11
25725.00 2.13077E-11
25750.00 2.13806E-11
25775.00 2.13942E-11
25800.00 2.13641E-11
25825.00 2.13250E-11
25850.00 2.12311E-11
25875.00 2.11934E-11
25900.00 2.11097E-11
25925.00 2.10154E-11
25950.00 2.09102E-11
25975.00 2.07861E-11
26000.00 2.06787E-11
